instrument=PC24B323
position=1F
flow_cell_id=PAK82817
sample_id=20230531_P22U2_run5
protocol_group_id=20230531_P22U2_run5
protocol=sequencing/sequencing_PRO114_DNA_e8_2_400K:FLO-PRO114M:SQK-RBK114-96:400
protocol_run_id=65dece79-f332-4ca7-a471-1f5cba1e2d42
acquisition_run_id=35710b71bd6d0ee45122b0ee5e40c85ab220fd3e
started=2023-05-31T12:28:37.352303+03:00
acquisition_stopped=2023-06-04T08:02:49.507996+03:00
processing_stopped=2023-06-04T08:03:35.095116+03:00
basecalling_enabled=1
sequencing_summary_file=sequencing_summary_PAK82817_65dece79_35710b71.txt
fast5_files_in_final_dest=0
fast5_files_in_fallback=0
fastq_files_in_final_dest=13051
fastq_files_in_fallback=0
