instrument=PC24B323
position=2E
flow_cell_id=PAM35765
sample_id=20230524_P22U2_run2_recovered_lib
protocol_group_id=20230524_P22U2_run2_recovered_lib
protocol=sequencing/sequencing_PRO114_DNA_e8_2_400K:FLO-PRO114M:SQK-RBK114-96:400
protocol_run_id=bad579a9-666f-4aca-a90d-c124ce13edc2
acquisition_run_id=8861f3773f36ee62eb003841882b2b2276eff1cb
started=2023-05-24T13:57:11.761852+03:00
acquisition_stopped=2023-05-25T15:50:35.445573+03:00
processing_stopped=2023-05-26T00:12:02.523404+03:00
basecalling_enabled=1
sequencing_summary_file=sequencing_summary_PAM35765_bad579a9_8861f377.txt
fast5_files_in_final_dest=0
fast5_files_in_fallback=0
fastq_files_in_final_dest=1005
fastq_files_in_fallback=0
