instrument=PC24B323
position=2G
flow_cell_id=PAM38036
sample_id=20230510_P4U2_P0U0_H52
protocol_group_id=20230510_P4U2_P0U0_A-H
protocol=sequencing/sequencing_PRO002_RNA:FLO-PRO002:SQK-RNA002
protocol_run_id=d995b6d6-9cdd-4f3c-bb19-32ce87a7d1a7
acquisition_run_id=bce46eb700edbebbb75b463f4481c2bd2a142230
started=2023-05-10T13:03:37.014843+03:00
acquisition_stopped=2023-05-14T17:03:46.852276+03:00
processing_stopped=2023-05-14T17:03:50.423701+03:00
basecalling_enabled=1
sequencing_summary_file=sequencing_summary_PAM38036_d995b6d6_bce46eb7.txt
fast5_files_in_final_dest=1450
fast5_files_in_fallback=0
fastq_files_in_final_dest=1450
fastq_files_in_fallback=0
