instrument=GXB03401
position=X1
flow_cell_id=FAU09227
sample_id=20230418_P4U2_P0U0_A1_DirectRNA
protocol_group_id=20230418_P4U2
protocol=sequencing/sequencing_MIN106_RNA:FLO-MIN106:SQK-RNA002
protocol_run_id=0d24eaa1-0970-4c66-94d0-907d0edee6c4
acquisition_run_id=767ab26c60d5c182dc12882d7373f4a4f9daa7ea
started=2023-04-20T08:19:42.428858+03:00
acquisition_stopped=2023-04-21T19:19:46.950436+03:00
processing_stopped=2023-04-21T19:19:49.439118+03:00
basecalling_enabled=1
sequencing_summary_file=sequencing_summary_FAU09227_0d24eaa1_767ab26c.txt
fast5_files_in_final_dest=0
fast5_files_in_fallback=0
fastq_files_in_final_dest=2
fastq_files_in_fallback=0
