instrument=PC24B323
position=1G
flow_cell_id=PAM38503
sample_id=20230510_P4U2_P0U0_H22
protocol_group_id=20230510_P4U2_P0U0_A-H
protocol=sequencing/sequencing_PRO002_RNA:FLO-PRO002:SQK-RNA002
protocol_run_id=ef1274ab-9bf4-4b7b-88d4-01210a9eb2f7
acquisition_run_id=413a008a2e780df02cb78132b5354ca86ff96009
started=2023-05-10T17:06:28.083884+03:00
acquisition_stopped=2023-05-14T21:06:36.971830+03:00
processing_stopped=2023-05-14T21:06:38.810639+03:00
basecalling_enabled=1
sequencing_summary_file=sequencing_summary_PAM38503_ef1274ab_413a008a.txt
fast5_files_in_final_dest=486
fast5_files_in_fallback=0
fastq_files_in_final_dest=485
fastq_files_in_fallback=0
