instrument=GXB03401
position=X3
flow_cell_id=FAS21420
sample_id=2210_P5U1_Wastewater_221009
protocol_group_id=2210_P5U1_Wastewater3
protocol=sequencing/sequencing_MIN106_DNA:FLO-MIN106:SQK-LSK109
protocol_run_id=0027b659-ea08-4564-b3f0-1ebdca83cf53
acquisition_run_id=2101b015d48a2ef8d4fff1f3786a7225c9efed11
started=2022-10-09T17:32:39.864753+03:00
acquisition_stopped=2022-10-12T17:32:44.204403+03:00
processing_stopped=2022-10-12T17:32:53.143852+03:00
basecalling_enabled=1
sequencing_summary_file=sequencing_summary_FAS21420_2101b015.txt
fast5_files_in_final_dest=82
fast5_files_in_fallback=0
fastq_files_in_final_dest=81
fastq_files_in_fallback=0
