instrument=PC24B323
position=1C
flow_cell_id=PAM35031
sample_id=20230511_P4U2_P0U0_H42
protocol_group_id=20230510_P4U2_P0U0_A-H
protocol=sequencing/sequencing_PRO002_RNA:FLO-PRO002:SQK-RNA002
protocol_run_id=57990317-372e-4980-915e-101872b8bdab
acquisition_run_id=a6d71eb5880d527d62b6236f2bf07be0f8ee6643
started=2023-05-11T14:55:14.892653+03:00
acquisition_stopped=2023-05-15T08:06:32.342821+03:00
processing_stopped=2023-05-15T08:06:35.644746+03:00
basecalling_enabled=1
sequencing_summary_file=sequencing_summary_PAM35031_57990317_a6d71eb5.txt
fast5_files_in_final_dest=2107
fast5_files_in_fallback=0
fastq_files_in_final_dest=2106
fastq_files_in_fallback=0
