instrument=GXB03401
position=X2
flow_cell_id=FAU10687
sample_id=20230418_P4U2_P0U0_H1_DirectRNA
protocol_group_id=20230418_P4U2
protocol=sequencing/sequencing_MIN106_RNA:FLO-MIN106:SQK-RNA002
protocol_run_id=78c474af-1855-4bc3-8760-e356592989bc
acquisition_run_id=7c69f0d4267fe37302c39c2c3d401996c034d3d9
started=2023-04-18T17:08:09.220184+03:00
acquisition_stopped=2023-04-20T06:08:09.540727+03:00
processing_stopped=2023-04-20T06:08:12.267112+03:00
basecalling_enabled=1
sequencing_summary_file=sequencing_summary_FAU10687_78c474af_7c69f0d4.txt
fast5_files_in_final_dest=0
fast5_files_in_fallback=0
fastq_files_in_final_dest=119
fastq_files_in_fallback=0
