instrument=PC24B323
position=2G
flow_cell_id=PAM35942
sample_id=20230523_P22U2_Run2
protocol_group_id=20230523_P22U2_Run2
protocol=sequencing/sequencing_PRO114_DNA_e8_2_400K:FLO-PRO114M:SQK-RBK114-96:400
protocol_run_id=eb8469dd-29e9-4551-9704-fe8ae387c25f
acquisition_run_id=f150a09c98d2839fae32ea19e90ec4cee8083ccf
started=2023-05-23T10:56:12.156313+03:00
acquisition_stopped=2023-05-24T13:22:43.738859+03:00
processing_stopped=2023-05-24T18:19:35.383280+03:00
basecalling_enabled=1
sequencing_summary_file=sequencing_summary_PAM35942_eb8469dd_f150a09c.txt
fast5_files_in_final_dest=0
fast5_files_in_fallback=0
fastq_files_in_final_dest=1915
fastq_files_in_fallback=0
