instrument=PC24B323
position=2D
flow_cell_id=PAO07925
sample_id=20230529_POU1_Cundulatus
protocol_group_id=20230529_POU1_FishGenomes
protocol=sequencing/sequencing_PRO114_DNA_e8_2_400K:FLO-PRO114M:SQK-LSK114:400
protocol_run_id=cc36e899-e93a-492a-a924-135be79a5159
acquisition_run_id=23b34695cd5cf5706cdbc867d5cbd4af1c1c658c
started=2023-05-29T18:21:20.228555+03:00
acquisition_stopped=2023-05-30T14:44:21.964885+03:00
processing_stopped=2023-05-30T18:26:33.406547+03:00
basecalling_enabled=1
sequencing_summary_file=sequencing_summary_PAO07925_cc36e899_23b34695.txt
fast5_files_in_final_dest=3689
fast5_files_in_fallback=0
fastq_files_in_final_dest=3718
fastq_files_in_fallback=0
