instrument=GXB03401
position=X1
flow_cell_id=FAT99257
sample_id=2022115_P12U4_Big5_52_40k
protocol_group_id=2022115_P12U4_Big5_52_40k
protocol=sequencing/sequencing_MIN106_DNA:FLO-MIN106:SQK-LSK110
protocol_run_id=d2b6f625-b78f-46bd-bcc7-5e9f9928aca2
acquisition_run_id=31c2ff40660f824619ff7855ee3e9339ef9d8cae
started=2022-11-15T16:35:43.536387+03:00
acquisition_stopped=2022-11-17T15:43:28.933294+03:00
processing_stopped=2022-11-17T15:43:34.136103+03:00
basecalling_enabled=1
sequencing_summary_file=sequencing_summary_FAT99257_d2b6f625_31c2ff40.txt
fast5_files_in_final_dest=2216
fast5_files_in_fallback=0
fastq_files_in_final_dest=2216
fastq_files_in_fallback=0
