instrument=GXB03401
position=X1
flow_cell_id=ANE415
sample_id=20230213_P17U2_W1_A1
protocol_group_id=20230213_P17U2
protocol=sequencing/sequencing_MIN106_DNA:FLO-FLG001:SQK-LSK109
protocol_run_id=39899a25-0de5-4359-973f-4fed46bb73c7
acquisition_run_id=8becb765b17f665459950e385a7728757fd10a91
started=2023-02-13T16:33:04.556210+03:00
acquisition_stopped=2023-02-14T08:34:57.086171+03:00
processing_stopped=2023-02-14T08:34:59.440825+03:00
basecalling_enabled=1
sequencing_summary_file=sequencing_summary_ANE415_39899a25_8becb765.txt
fast5_files_in_final_dest=137
fast5_files_in_fallback=0
fastq_files_in_final_dest=136
fastq_files_in_fallback=0
