instrument=PC24B323
position=1F
flow_cell_id=PAM38548
sample_id=20230419_P4U2_P0U0_H1_DirectRNA
protocol_group_id=20230419_P4U2
protocol=sequencing/sequencing_PRO002_RNA:FLO-PRO002:SQK-RNA002
protocol_run_id=defbcd5d-64e2-4d95-a70a-f51440a30d9f
acquisition_run_id=93ac28e916350ad55ffcf8bd910d0e97351cb39d
started=2023-04-19T13:19:24.266130+03:00
acquisition_stopped=2023-04-22T13:19:33.785218+03:00
processing_stopped=2023-04-22T13:19:36.395293+03:00
basecalling_enabled=1
sequencing_summary_file=sequencing_summary_PAM38548_defbcd5d_93ac28e9.txt
fast5_files_in_final_dest=0
fast5_files_in_fallback=0
fastq_files_in_final_dest=1825
fastq_files_in_fallback=0
