instrument=GXB03401
position=X1
flow_cell_id=FAS37009
sample_id=20230115_P0U0_CMOR_Soil_Zymo_Negative_16
protocol_group_id=20230115_P0U0
protocol=sequencing/sequencing_MIN106_DNA:FLO-MIN106:SQK-16S024
protocol_run_id=f2256b72-e94c-4e2d-b0c1-e2423b9b26c7
acquisition_run_id=42a8781dc0f032a7e0e6a5628bd97ee7cbb192b0
started=2023-01-15T15:20:21.708406+03:00
acquisition_stopped=2023-01-18T08:47:03.644863+03:00
processing_stopped=2023-01-18T08:47:06.641290+03:00
basecalling_enabled=1
sequencing_summary_file=sequencing_summary_FAS37009_f2256b72_42a8781d.txt
fast5_files_in_final_dest=1469
fast5_files_in_fallback=0
fastq_files_in_final_dest=1468
fastq_files_in_fallback=0
