instrument=PC24B323
position=1E
flow_cell_id=PAM46469
sample_id=20230522_P22U2_run3
protocol_group_id=20230522_P22U2_run3
protocol=sequencing/sequencing_PRO114_DNA_e8_2_400K:FLO-PRO114M:SQK-RBK114-96:400
protocol_run_id=3f6fb1a6-4bd2-487d-a7e3-c9853c37d7de
acquisition_run_id=1beed75101ead0b26827ab5c218bbec8ffa0b5ba
started=2023-05-23T13:33:04.722903+03:00
acquisition_stopped=2023-05-28T08:12:59.403150+03:00
processing_stopped=2023-05-30T20:14:45.478764+03:00
basecalling_enabled=1
sequencing_summary_file=sequencing_summary_PAM46469_3f6fb1a6_1beed751.txt
fast5_files_in_final_dest=6120
fast5_files_in_fallback=0
fastq_files_in_final_dest=8318
fastq_files_in_fallback=0
