instrument=GXB03401
position=X3
flow_cell_id=ALK468
sample_id=20230410_P7U1_Microbial_2
protocol_group_id=20230410_P7U1_Microbial
protocol=sequencing/sequencing_MIN106_DNA:FLO-FLG001:SQK-RAD004
protocol_run_id=5af67fa0-18a5-460b-94da-89998f4bbca4
acquisition_run_id=599d7aca28d708a2ca5ac463ab33a36c11c64130
started=2023-04-10T15:14:53.140813+03:00
acquisition_stopped=2023-04-11T15:15:11.943220+03:00
processing_stopped=2023-04-11T15:15:42.710402+03:00
basecalling_enabled=1
sequencing_summary_file=sequencing_summary_ALK468_5af67fa0_599d7aca.txt
fast5_files_in_final_dest=0
fast5_files_in_fallback=0
fastq_files_in_final_dest=44
fastq_files_in_fallback=0
