instrument=GXB03401
position=X1
flow_cell_id=FAS36982
sample_id=20221204_P4U2_P0U0_A600s
protocol_group_id=20221204_P4U2_P0U0_DirectRNA
protocol=sequencing/sequencing_MIN106_RNA:FLO-MIN106:SQK-RNA002
protocol_run_id=d758e256-52fa-43eb-b49c-56487753e3bc
acquisition_run_id=667fa863fb8fcc377920bf22215fa314ed213a98
started=2022-12-04T16:53:20.177180+03:00
acquisition_stopped=2022-12-07T08:23:22.343090+03:00
processing_stopped=2022-12-07T08:23:25.764926+03:00
basecalling_enabled=1
sequencing_summary_file=sequencing_summary_FAS36982_d758e256_667fa863.txt
fast5_files_in_final_dest=333
fast5_files_in_fallback=0
fastq_files_in_final_dest=333
fastq_files_in_fallback=0
