instrument=GXB03401
position=X2
flow_cell_id=FAS34350
sample_id=221006_P5U1_Covid_Wastewater
protocol_group_id=2210_P5U1_Covid_wastewater
protocol=sequencing/sequencing_MIN106_DNA:FLO-MIN106:SQK-LSK109
protocol_run_id=a3b4af99-a4a9-4ee6-9f35-42d93ea86660
acquisition_run_id=7f1e35a49ca76ef1fc4aed98f3dbe6dd437a07ad
started=2022-10-06T16:37:32.075192+03:00
acquisition_stopped=2022-10-09T16:37:36.308865+03:00
processing_stopped=2022-10-09T16:37:42.267814+03:00
basecalling_enabled=1
sequencing_summary_file=sequencing_summary_FAS34350_7f1e35a4.txt
fast5_files_in_final_dest=53
fast5_files_in_fallback=0
fastq_files_in_final_dest=52
fastq_files_in_fallback=0
