instrument=PC24B323
position=1G
flow_cell_id=PAM36149
sample_id=20230521_P22U2_run1
protocol_group_id=20230521_P22U2
protocol=sequencing/sequencing_PRO114_DNA_e8_2_400K:FLO-PRO114M:SQK-RBK114-96:400
protocol_run_id=793c2231-b9b0-4471-88d2-05c3d498873e
acquisition_run_id=710935ca36b67b2e1c918384ff06ec01b4228e92
started=2023-05-21T11:48:42.301917+03:00
acquisition_stopped=2023-05-24T15:38:02.271566+03:00
processing_stopped=2023-05-28T04:32:23.142679+03:00
basecalling_enabled=1
sequencing_summary_file=sequencing_summary_PAM36149_793c2231_710935ca.txt
fast5_files_in_final_dest=0
fast5_files_in_fallback=0
fastq_files_in_final_dest=13266
fastq_files_in_fallback=0
