instrument=PC24B323
position=1E
flow_cell_id=PAM38284
sample_id=20230419_P4U2_P0U0_A1_DirectRNA
protocol_group_id=20230419_P4U2
protocol=sequencing/sequencing_PRO002_RNA:FLO-PRO002:SQK-RNA002
protocol_run_id=821a5435-7275-4fb4-bbe0-d4e1daaa8a05
acquisition_run_id=f8d9fcc23a2a12152b5b62fd0012be0df87b4bd8
started=2023-04-19T13:19:22.710425+03:00
acquisition_stopped=2023-04-22T13:19:32.410421+03:00
processing_stopped=2023-04-22T13:19:34.766380+03:00
basecalling_enabled=1
sequencing_summary_file=sequencing_summary_PAM38284_821a5435_f8d9fcc2.txt
fast5_files_in_final_dest=0
fast5_files_in_fallback=0
fastq_files_in_final_dest=1915
fastq_files_in_fallback=0
