instrument=PC24B323
position=2B
flow_cell_id=PAO06334
sample_id=20230529_POU1_Smokarran
protocol_group_id=20230529_POU1_FishGenomes
protocol=sequencing/sequencing_PRO114_DNA_e8_2_400K:FLO-PRO114M:SQK-LSK114:400
protocol_run_id=91b21a64-ac36-46ab-8469-a66478c96020
acquisition_run_id=502ba283741f6480b93bbbd246b45c50a9b61c2a
started=2023-05-29T18:21:20.535665+03:00
acquisition_stopped=2023-05-30T14:44:22.169189+03:00
processing_stopped=2023-05-30T16:17:32.483278+03:00
basecalling_enabled=1
sequencing_summary_file=sequencing_summary_PAO06334_91b21a64_502ba283.txt
fast5_files_in_final_dest=2045
fast5_files_in_fallback=0
fastq_files_in_final_dest=2065
fastq_files_in_fallback=0
