instrument=GXB03401
position=X1
flow_cell_id=FAS82309
sample_id=20230130_P0U0_MAS-SEQ_A_P_primers
protocol_group_id=20230130_P0U0
protocol=sequencing/sequencing_MIN114_DNA_e8_2_260T:FLO-MIN114:SQK-NBD114-24:260
protocol_run_id=95069a51-3af2-4337-a0c4-e55703d75515
acquisition_run_id=24f46d7c9b0a4593c068a9d6c67cccf5d7934058
started=2023-01-29T16:28:13.208116+03:00
acquisition_stopped=2023-01-30T08:08:39.551807+03:00
processing_stopped=2023-01-30T08:08:41.553125+03:00
basecalling_enabled=1
sequencing_summary_file=sequencing_summary_FAS82309_95069a51_24f46d7c.txt
fast5_files_in_final_dest=613
fast5_files_in_fallback=0
fastq_files_in_final_dest=625
fastq_files_in_fallback=0
