instrument=GXB03401
position=X2
flow_cell_id=FAS21564
sample_id=20221204_P4U2_P0U0_H1
protocol_group_id=20221204_P4U2_P0U0_DirectRNA
protocol=sequencing/sequencing_MIN106_RNA:FLO-MIN106:SQK-RNA002
protocol_run_id=2dfa7a11-0876-4071-97dd-cff240e3f798
acquisition_run_id=06f87895a1cb236a1ce111ec0ef103d35c9d0be1
started=2022-12-04T16:53:10.049072+03:00
acquisition_stopped=2022-12-07T08:23:22.462351+03:00
processing_stopped=2022-12-07T08:23:26.042631+03:00
basecalling_enabled=1
sequencing_summary_file=sequencing_summary_FAS21564_2dfa7a11_06f87895.txt
fast5_files_in_final_dest=209
fast5_files_in_fallback=0
fastq_files_in_final_dest=209
fastq_files_in_fallback=0
