instrument=PCT0047
position=2-A1-D1
flow_cell_id=PAD45977
sample_id=20191015_P0_SalvadoraPersicaAP
protocol_group_id=20191015_P0_Plants
protocol=07335040c02a08bf1d64d5da9bd2fa9303cf454f
protocol_run_id=0f95f9c0-542c-4e69-9099-9c362613b2bd
acquisition_run_id=2678447b19411f29497ef771ced8c417d6dcbc81
started=2019-10-15T11:36:43.005414+03:00
acquisition_stopped=2019-10-17T13:26:39.442375+03:00
processing_stopped=2019-10-17T13:26:43.020514+03:00
basecalling_enabled=1
sequencing_summary_file=PCT0047_20191015_113559_PAD45977_promethion_sequencing_run_20191015_P0_SalvadoraPersicaAP_sequencing_summary.txt
fast5_files_in_final_dest=547
fast5_files_in_fallback=0
fastq_files_in_final_dest=547
fastq_files_in_fallback=0
