instrument=PC24B323
position=1F
flow_cell_id=PAM38856
sample_id=20230510_P4U2_P0U0_A41
protocol_group_id=20230510_P4U2_P0U0_A-H
protocol=sequencing/sequencing_PRO002_RNA:FLO-PRO002:SQK-RNA002
protocol_run_id=7b35eb08-69f7-4d69-9691-5a2ee2558402
acquisition_run_id=0443ffd51f1342949064637a4149701010a83584
started=2023-05-10T17:06:27.973145+03:00
acquisition_stopped=2023-05-14T21:06:37.278678+03:00
processing_stopped=2023-05-14T21:06:41.619159+03:00
basecalling_enabled=1
sequencing_summary_file=sequencing_summary_PAM38856_7b35eb08_0443ffd5.txt
fast5_files_in_final_dest=216
fast5_files_in_fallback=0
fastq_files_in_final_dest=215
fastq_files_in_fallback=0
