instrument=PC24B323
position=1E
flow_cell_id=PAI98039
sample_id=20221031_P4U3_smic
protocol_group_id=20221031_P4U3_smic
protocol=sequencing/sequencing_PRO002_DNA_long_read:FLO-PRO002:SQK-ULK001
protocol_run_id=69e5a771-1395-4494-9808-e1e98c36e13e
acquisition_run_id=dbbb66938ea34adcbf8f1871f398520cf60e99ae
started=2022-10-31T09:14:08.533008+03:00
acquisition_stopped=2022-11-03T09:14:16.196897+03:00
processing_stopped=2022-11-03T09:14:18.777551+03:00
basecalling_enabled=1
sequencing_summary_file=sequencing_summary_PAI98039_dbbb6693.txt
fast5_files_in_final_dest=360
fast5_files_in_fallback=0
fastq_files_in_final_dest=360
fastq_files_in_fallback=0
